"GI_ALL"	"Percentage_NonSy_Wild"	"MutRate_Univers"	"Raw_MutRate"	"No_Mut_Samples"	"No_Mut_Samp_Univers"	"All_Samples"	"All_Samples_Univers"	"Perce_Impact_Dir"	"Perce_Impact_InDir"	"Perce_Impact_Final"	"TG_Dir_WI"	"TG_Dir_WO"	"TG_InDir_WI"	"TG_InDir_WO"	"TG_All_WI"	"TG_All_WO"	"Perce_Dir_High"	"Perce_Dir_Low"	"Perce_InDir_High"	"Perce_InDir_Low"	"Percent_All_High"	"Percent_All_Low"	"TG_Dir_WH"	"TG_Dir_WL"	"TG_InDir_WH"	"TG_InDir_WL"	"TG_All_WH"	"TG_All_WL"	"TG_All2_WO"	"GI_TG_total"
"ATM"	2.8169014084507	2.7027027027027	3.48837209302326	2	2	71	74	9.09090909090909	6.9284064665127	7.03296703296703	2	20	30	403	32	423	0	9.09090909090909	0.23094688221709	6.69745958429561	0.21978021978022	6.81318681318681	0	2	1	29	1	31	423	455
"COL5A2"	2.8169014084507	2.7027027027027	2.32558139534884	2	2	71	74	0	0	0	0	0	0	16	0	16	0	0	0	0	0	0	0	0	0	0	0	0	16	16
"COL6A5"	2.8169014084507	2.7027027027027	2.32558139534884	2	2	71	74	0	0	0	0	0	0	16	0	16	0	0	0	0	0	0	0	0	0	0	0	0	16	16
"CTNNB1"	16.9014084507042	16.2162162162162	15.1162790697674	12	12	71	74	14.5454545454545	18.1818181818182	16.8831168831169	8	47	18	81	26	128	0	14.5454545454545	0	18.1818181818182	0	16.8831168831169	0	8	0	18	0	26	128	154
"FLT4"	2.8169014084507	2.7027027027027	2.32558139534884	2	2	71	74	0	0	0	0	0	0	14	0	14	0	0	0	0	0	0	0	0	0	0	0	0	14	14
"HUWE1"	2.8169014084507	2.7027027027027	3.48837209302326	2	2	71	74	0	4	4	0	0	4	96	4	96	0	0	0	4	0	4	0	0	0	4	0	4	96	100
"LAMA1"	2.8169014084507	2.7027027027027	3.48837209302326	2	2	71	74	0	10.5263157894737	10.5263157894737	0	0	2	17	2	17	0	0	0	10.5263157894737	0	10.5263157894737	0	0	0	2	0	2	17	19
"MDM2"	2.8169014084507	2.7027027027027	2.32558139534884	2	2	71	74	0	6.55339805825243	6.52173913043478	0	2	27	385	27	387	0	0	0	6.55339805825243	0	6.52173913043478	0	0	0	27	0	27	387	414
"NF1"	2.8169014084507	2.7027027027027	3.48837209302326	2	2	71	74	6.25	0	5.55555555555556	1	15	0	2	1	17	0	6.25	0	0	0	5.55555555555556	0	1	0	0	0	1	17	18
"RB1"	2.8169014084507	2.7027027027027	2.32558139534884	2	2	71	74	4.54545454545455	5.78947368421053	5.55555555555556	2	42	11	179	13	221	0	4.54545454545455	0	5.78947368421053	0	5.55555555555556	0	2	0	11	0	13	221	234
"RELN"	2.8169014084507	2.7027027027027	2.32558139534884	2	2	71	74	0	0	0	0	0	0	15	0	15	0	0	0	0	0	0	0	0	0	0	0	0	15	15
"SREBF2"	2.8169014084507	2.7027027027027	2.32558139534884	2	2	71	74	33.3333333333333	0	33.3333333333333	7	14	0	0	7	14	4.76190476190476	28.5714285714286	0	0	4.76190476190476	28.5714285714286	1	6	0	0	1	6	14	21
"TP53"	12.6760563380282	12.1621621621622	11.6279069767442	9	9	71	74	18.7012987012987	0	18.4615384615385	72	313	0	5	72	318	1.03896103896104	17.6623376623377	0	0	1.02564102564103	17.4358974358974	4	68	0	0	4	68	318	390
"XPC"	2.8169014084507	2.7027027027027	2.32558139534884	2	2	71	74	0	0	0	0	4	0	4	0	8	0	0	0	0	0	0	0	0	0	0	0	0	8	8
"CUX1"	2.8169014084507	2.7027027027027	2.32558139534884	2	2	71	74	12.5	0	12.5	1	7	0	0	1	7	0	12.5	0	0	0	12.5	0	1	0	0	0	1	7	8
"MEN1"	5.63380281690141	5.40540540540541	4.65116279069767	4	4	71	74	18.1818181818182	0	18.1818181818182	2	9	0	0	2	9	0	18.1818181818182	0	0	0	18.1818181818182	0	2	0	0	0	2	9	11
